0.016667 0.163445 
0.033333 0.326890 
0.050000 0.490335 
0.066667 0.653780 
0.083333 0.817225 
0.100000 0.980670 
0.116667 1.144115 
0.133333 1.307560 
0.150000 1.471005 
0.166667 1.634450 
0.183333 1.797895 
0.200000 1.961340 
0.216667 2.124785 
0.233333 2.288230 
0.250000 2.451675 
0.266667 2.615120 
0.283333 2.778565 
0.300000 2.942010 
0.316667 3.105455 
0.333333 3.268900 
0.350000 3.432345 
0.366667 3.595790 
0.383333 3.759235 
0.400000 3.922680 
0.416667 4.086125 
0.433334 4.249570 
0.450000 4.413016 
0.466667 4.576460 
0.483334 4.739906 
0.500000 4.903350 
0.516667 5.066796 
0.533334 5.230240 
0.550000 5.393686 
0.566667 5.557130 
0.583333 5.720576 
0.600000 5.884020 
0.616667 6.047466 
0.633333 6.210910 
0.650000 6.374356 
0.666667 6.537800 
0.683333 6.701246 
0.700000 6.864690 
0.716667 7.028136 
0.733333 7.191580 
0.750000 7.355026 
0.766667 7.518470 
0.783333 7.681916 
0.800000 7.845360 
0.816667 8.008806 
0.833333 8.172250 
0.850000 8.335696 
0.866666 8.499142 
0.883333 8.662587 
0.900000 8.826033 
0.916666 8.989478 
0.933333 9.152924 
0.950000 9.316369 
0.966666 9.479815 
0.983333 9.643260 
1.000000 9.806705 
1.016666 9.970151 
1.033333 10.133596 
1.050000 10.297042 
1.066666 10.460487 
1.083333 10.623933 
1.100000 10.787378 
1.116666 10.950824 
1.133333 11.114269 
1.150000 11.277715 
1.166666 11.441160 
1.183333 11.604606 
1.200000 11.768051 
1.216666 11.931497 
1.233333 12.094942 
1.250000 12.258388 
1.266666 12.421833 
1.283333 12.585279 
1.300000 12.748724 
1.316666 12.912169 
1.333333 13.075615 
1.349999 13.239060 
1.366666 13.402506 
1.383333 13.565951 
1.399999 13.729397 
1.416666 13.892842 
1.433333 14.056288 
1.449999 14.219733 
1.466666 14.383179 
1.483333 14.546624 
1.499999 14.710070 
1.516666 14.873515 
1.533333 15.036961 
1.549999 15.200406 
1.566666 15.363852 
1.583332 15.527297 
1.599999 15.690742 
1.616666 15.854188 
1.633332 16.017633 
1.649999 16.181078 
1.666666 16.344522 
1.683332 16.507967 
1.699999 16.671412 
1.716666 16.834856 
1.733332 16.998300 
1.749999 17.161746 
1.766666 17.325190 
1.783332 17.488634 
1.799999 17.652078 
1.816666 17.815524 
1.833332 17.978968 
1.849999 18.142412 
1.866666 18.305856 
1.883332 18.469302 
1.899999 18.632746 
1.916666 18.796190 
1.933332 18.959634 
1.949999 19.123080 
1.966666 19.286524 
1.983332 19.449968 
1.999999 19.613412 
2.016666 19.776858 
2.033332 19.940302 
2.049999 20.103746 
2.066665 20.267190 
2.083332 20.430636 
2.099999 20.594080 
2.116665 20.757524 
2.133332 20.920970 
2.149999 21.084414 
2.166665 21.247858 
2.183332 21.411302 
2.199998 21.574748 
2.216665 21.738192 
2.233332 21.901636 
2.249998 22.065080 
2.266665 22.228526 
2.283332 22.391970 
2.299998 22.555414 
2.316665 22.718858 
2.333332 22.882304 
2.349998 23.045748 
2.366665 23.209192 
2.383332 23.372636 
2.399998 23.536082 
2.416665 23.699526 
2.433332 23.862970 
2.449998 24.026414 
2.466665 24.189860 
2.483332 24.353304 
2.499998 24.516748 
2.516665 24.680192 
2.533332 24.843638 
2.549998 25.007082 
2.566665 25.170526 
2.583332 25.333972 
2.599998 25.497416 
2.616665 25.660860 
2.633332 25.824304 
2.649998 25.987750 
2.666665 26.151194 
2.683332 26.314638 
2.699998 26.478082 
2.716665 26.641528 
2.733332 26.804972 
2.749998 26.968416 
2.766665 27.131860 
2.783332 27.295306 
2.799998 27.458750 
2.816665 27.622194 
2.833331 27.785638 
2.849998 27.949084 
2.866665 28.112528 
2.883331 28.275972 
2.899998 28.439416 
2.916664 28.602862 
2.933331 28.766306 
2.949998 28.929750 
2.966664 29.093194 
2.983331 29.256640 
2.999998 29.420084 
3.016664 29.583528 
3.033331 29.746974 
3.049998 29.910418 
3.066664 30.073862 
3.083331 30.237306 
3.099998 30.400752 
3.116664 30.564196 
3.133331 30.727640 
3.149998 30.891084 
3.166664 31.054530 
3.183331 31.217974 
3.199998 31.381418 
3.216664 31.544862 
3.233331 31.708308 
3.249998 31.871752 
3.266664 32.035198 
3.283331 32.198642 
3.299998 32.362088 
3.316664 32.525532 
3.333331 32.688976 
3.349998 32.852420 
3.366664 33.015866 
3.383331 33.179310 
3.399998 33.342754 
3.416664 33.506198 
3.433331 33.669644 
3.449998 33.833088 
3.466664 33.996532 
3.483331 34.159976 
3.499998 34.323420 
3.516664 34.486864 
3.533331 34.650312 
3.549997 34.813756 
3.566664 34.977200 
3.583331 35.140644 
3.599997 35.304088 
3.616664 35.467532 
3.633330 35.630976 
3.649997 35.794424 
3.666664 35.957868 
3.683330 36.121312 
3.699997 36.284756 
3.716664 36.448200 
3.733330 36.611644 
3.749997 36.775088 
3.766664 36.938532 
3.783330 37.101980 
3.799997 37.265424 
3.816664 37.428868 
3.833330 37.592312 
3.849997 37.755756 
3.866664 37.919200 
3.883330 38.082644 
3.899997 38.246088 
3.916664 38.409536 
3.933330 38.572980 
3.949997 38.736424 
3.966664 38.899868 
3.983330 39.063312 
3.999997 39.226756 
4.016664 39.390200 
4.033330 39.553648 
4.049997 39.717092 
4.066664 39.880536 
4.083331 40.043980 
4.099998 40.207424 
4.116665 40.370868 
4.133332 40.534312 
4.149999 40.697756 
4.166666 40.861204 
4.183332 41.024648 
4.200000 41.188092 
4.216666 41.351536 
4.233333 41.514980 
4.250000 41.678424 
4.266667 41.841868 
4.283334 42.005312 
4.300000 42.168760 
4.316668 42.332204 
4.333334 42.495648 
4.350002 42.659092 
4.366668 42.822536 
4.383335 42.985980 
4.400002 43.149424 
4.416669 43.312872 
4.433336 43.476316 
4.450002 43.639760 
4.466670 43.803204 
4.483336 43.966648 
4.500004 44.130092 
4.516670 44.293536 
4.533337 44.456980 
4.550004 44.620428 
4.566671 44.783872 
4.583338 44.947316 
4.600004 45.110760 
4.616672 45.274204 
4.633338 45.437648 
4.650006 45.601092 
4.666672 45.764536 
4.683339 45.927984 
4.700006 46.091428 
4.716673 46.254872 
4.733340 46.418316 
4.750006 46.581760 
4.766674 46.745204 
4.783340 46.908648 
4.800008 47.072092 
4.816674 47.235540 
